cam0:
  cam_overlaps: [1]
  camera_model: pinhole
  distortion_coeffs: [-0.35292630520315216, 0.09970701156068408, -0.0003265055193558261, -0.003400767380536901]
  distortion_model: radtan
  intrinsics: [427.32814323885566, 429.48081105226316, 367.1148716890002, 242.03387791215218]
  resolution: [640, 480]
  sensor_size: [5.76, 4.29]
  rostopic: /cam0/image_raw
cam1:
  T_cn_cnm1:
  - [0.9999842188801975, 0.0051761908815188395, -0.0021838128387943914, -0.060400809282521006]
  - [-0.005183031408333682, 0.9999816430410434, -0.0031384337416914382, 0.00020747637203608188]
  - [0.002167527618515751, 0.0031497029842259693, 0.9999926905708509, 3.97878900435667e-05]
  - [0.0, 0.0, 0.0, 1.0]
  cam_overlaps: [0]
  camera_model: pinhole
  distortion_coeffs: [-0.34242635946786465, 0.09353275937137827, 0.000332922660566574, -0.001440982693394223]
  distortion_model: radtan
  intrinsics: [425.28226969376584, 427.5013362691404, 342.6156277602674, 233.38645927695092]
  resolution: [640, 480]
  sensor_size: [5.76, 4.29]
  rostopic: /cam1/image_raw
